-2	-22	-76	87	-45	
-2	-89	-96	12	72	
-68	-14	4	29	-7	
93	71	-11	-15	4	
-75	21	66	50	-23	

Разложение UL:
-0,034	-0,821	-1,439	94,5	-45	
-0,028	-1,236	-1,333	0,167	72	
-31,694	-10,292	38,081	30,167	-7	
1,025	72,277	-28,213	-15,667	4	
-0,654	0,326	112,808	53,833	-23	

detA = 1758216358
Вектор x до = 1 2 3 4 5 
Вектор x после = 1 2 3 4 5 
Обратная матрица = 
0,006	0,008	-0,019	0,002	0,02	
-0,007	0,013	0,001	0,01	0,012	
0,004	0,003	-0,032	-0,004	0,01	
-0,004	-0,002	0,032	0,018	-0,006	
-0,001	0,002	-0,031	-0,009	0,017	

Погрешность 1,09865820145198E-17	Погрешность x = 8,88178419700125E-16
37	-3	58	10	-46	16	89	14	-21	-42	
99	26	66	54	-67	-35	77	33	-47	5	
-51	-58	-86	16	-15	86	63	-19	41	65	
-70	60	-8	-20	76	66	-82	50	73	95	
63	-88	-77	69	50	-94	-42	20	44	-88	
-44	-30	63	-40	60	-6	-17	-59	-75	-33	
53	7	73	14	-73	-61	-66	-14	78	-34	
-54	-74	59	-42	41	-64	-81	-55	66	-22	
27	-58	37	28	9	60	97	-69	19	-19	
-17	77	24	6	-59	-45	-62	9	41	11	

Разложение UL:
1,005	0,046	-1,302	-69,503	-37,104	-8,991	60,734	29,407	11,274	-42	
-0,536	0,171	-1,321	-0,125	0,451	-85,309	19,497	60,575	-50,842	5	
0,677	-64,118	-188,779	-1,298	-34,44	-44,34	116,047	-47,895	-8,947	65	
-0,737	0,632	-0,084	-0,211	0,8	0,695	-0,863	0,526	0,768	95	
-0,017	-0,29	-0,756	0,452	1,079	-0,294	-1,057	0,594	111,621	-88	
0,141	0,145	217,601	55,628	116,696	84,439	-96,323	-12,138	-49,642	-33	
-0,399	-0,613	-0,498	0,023	-136,884	-9,904	22,432	-57,968	104,126	-34	
0,743	0,389	-1,293	0,908	0,333	0,262	0,134	-92,676	82,905	-22	
0,57	-0,044	-0,326	0,635	0,112	0,82	126,653	-78,962	33,6	-19	
-75,635	41,489	-30,195	17,07	-84,131	-25,752	-15,956	-16,126	32,547	11	

detA = 1,06603923630135E+20
Вектор x до = 1 2 3 4 5 6 7 8 9 10 
Вектор x после = 0,999999999999997 2 3 4,00000000000001 5 6 7 8 9 10 
Обратная матрица = 
0,004	0,007	0,012	0,007	0,011	0,019	0,003	-0,008	0,001	0,014	
0,005	-0,005	0,006	0,005	0,001	0,01	0,013	-0,011	-0,002	-0,006	
-0,003	-0,003	-0,01	-0,002	-0,002	-0,007	-0,008	-0,001	0,008	0,009	
-0,01	0,009	0,002	0	-0,004	-0,004	-0,002	0,005	0	-0,004	
0,001	-0,003	-0,005	0	-0,001	-0,011	-0,004	0,006	0,006	0,002	
0,006	0,004	0,003	0,005	0,001	0,007	0,003	0,001	-0,001	0,001	
-0,004	0,001	-0,008	0,002	0,001	-0,005	-0,009	0,004	0,007	0	
0,013	0,002	0,004	0,006	0,003	0,002	0,002	0	-0,011	-0,004	
0,002	0,001	-0,007	-0,003	-0,002	-0,012	-0,014	0,009	0,006	0,005	
-0,01	0	-0,009	-0,003	-0,005	-0,009	0,005	-0,002	0,003	-0,013	

Погрешность 4,73106402539129E-18	Погрешность x = 5,32907051820075E-15
